$ANSIBLE_VAULT;1.1;AES256
39653837326439656636613438376530393162326138316465353138643439363737336437613832
6632653832336263643565623134356332383333393863320a383764373337383531333533663335
66633338386130353331636665323033306532393036386362373161386231393736386538343162
3137336564396635340a643036613435613165616537323431383166353465353239666234356133
34663131353030643835396162363130646433373461653037643236363464393031373736353536
34313735323662363632393138323833373663356563396264383861336136366664396536396635
37346535306363613132396432303634663230666163653961356639393766646130653338333536
36303739386662343462646563316137373065356135646330663238633762383866316430383263
34353337316239346662653761643664303130316265396137653837613865663838383430623432
33613337636134326533633430633263623436643238393830373930373631323335336131653038
62643635653637393563666665666662613734643439346231666336333834393933386466303534
64383661663234613236323337663132643762633433643636383733653265623862353863343839
33613931303135623034333362663762336461323364623531313031383933326466
