$ANSIBLE_VAULT;1.1;AES256
63653030633336393931383533346163333662356137373935346131663362653366393730386336
3630623736303330343161656130383532383532383438650a333365323538383738623661386534
36626139316266333630646363626539333432313437643539636266653437633838393436663566
6332616635316533340a663563626235636237376262393338373336356639386534636339323135
63613961653761353231623234663731396161643466343839353562343537373366323664666563
31386333623538376132343336646638343537333831396131383538343834316561353161656630
37363161646130373936643461366232656339383262393533643236653835353231636437613035
37626437653338303035343165623233616333336332626262366333333265373239343735386431
31633937303239663239653338613365306366346437323539663937653236383833303766656132
31383564363036373432646331343732353032313438336466616339363433633632626661636432
30336333613538326666386531393266666230333361623838363964376565636364383533646565
39303034393333646132313439393565613038346234333165643034633363353335303665306566
65303864396334383038383362633136643738306133323432333237333939306238326133383634
61313639373634346434613338653430623833343033316264643334626234656463363162346536
64636437343765646230643231646431376631653366623033363634373738383062616463383935
64626161343466313664306363643333656532346631653030343466356431323636343363666336
31633338643862353236636634363865306564613639616563613365646565393665303836353639
64303865303735316263363463633438313039646335623765333161663233346337653035633739
30363864373432643839303033383838323734363437306664636234633931653635646138333164
31646431353634616466663462323537316238353462353761333533663063663961383533356436
66373839366333643037633633363233356566303964373765653738343235656339666465646665
30383563636234663331353632616530626631393661336336323134643734386535336339653664
39633431616163343038383266363332306234353034623564326465313564323764323230393532
61643062303561326664366362333430353335303865383139353138666662323736633361613338
35376134643834393132633432636662393961383732376162366333323332633562
